0.241  0.697  0.248  0.481  0.404  0.259  0.566  0.520  0.519  0.271  0.486  0.362  0.396  0.673  0.150  0.391  0.471  0.416  0.632  0.228  0.249  0.442  0.694  0.450  0.241  0.287  0.505  0.567  0.514  0.277  0.508  0.367  0.297  0.708  0.137  0.291  0.571  0.601  0.411  0.245  0.144  0.734  0.320  0.338  0.473 
0.241  0.697  0.248  0.481  0.404  0.259  0.566  0.520  0.519  0.271  0.486  0.362  0.396  0.673  0.150  0.391  0.471  0.416  0.632  0.228  0.249  0.442  0.694  0.450  0.241  0.287  0.505  0.567  0.514  0.277  0.508  0.367  0.297  0.708  0.137  0.291  0.571  0.601  0.411  0.245  0.144  0.734  0.320  0.338  0.473 
0.241  0.697  0.248  0.481  0.404  0.259  0.566  0.520  0.519  0.271  0.486  0.362  0.396  0.673  0.150  0.391  0.471  0.416  0.632  0.228  0.249  0.442  0.694  0.450  0.241  0.287  0.505  0.567  0.514  0.277  0.508  0.367  0.297  0.708  0.137  0.291  0.571  0.601  0.411  0.245  0.144  0.734  0.320  0.338  0.473 
0.241  0.697  0.248  0.481  0.404  0.259  0.566  0.520  0.519  0.271  0.486  0.362  0.396  0.673  0.150  0.391  0.471  0.416  0.632  0.228  0.249  0.442  0.694  0.450  0.241  0.287  0.505  0.567  0.514  0.277  0.508  0.367  0.297  0.708  0.137  0.291  0.571  0.601  0.411  0.245  0.144  0.734  0.320  0.338  0.473 
0.241  0.697  0.248  0.481  0.404  0.259  0.566  0.520  0.519  0.271  0.486  0.362  0.396  0.673  0.150  0.391  0.471  0.416  0.632  0.228  0.249  0.442  0.694  0.450  0.241  0.287  0.505  0.567  0.514  0.277  0.508  0.367  0.297  0.708  0.137  0.291  0.571  0.601  0.411  0.245  0.144  0.734  0.320  0.338  0.473 
0.241  0.697  0.248  0.481  0.404  0.259  0.566  0.520  0.519  0.271  0.486  0.362  0.396  0.673  0.150  0.391  0.471  0.416  0.632  0.228  0.249  0.442  0.694  0.450  0.241  0.287  0.505  0.567  0.514  0.277  0.508  0.367  0.297  0.708  0.137  0.291  0.571  0.601  0.411  0.245  0.144  0.734  0.320  0.338  0.473 
0.241  0.697  0.248  0.481  0.404  0.259  0.566  0.520  0.519  0.271  0.486  0.362  0.396  0.673  0.150  0.391  0.471  0.416  0.632  0.228  0.249  0.442  0.694  0.450  0.241  0.287  0.505  0.567  0.514  0.277  0.508  0.367  0.297  0.708  0.137  0.291  0.571  0.601  0.411  0.245  0.144  0.734  0.320  0.338  0.473 
0.241  0.697  0.248  0.481  0.404  0.259  0.566  0.520  0.519  0.271  0.486  0.362  0.396  0.673  0.150  0.391  0.471  0.416  0.632  0.228  0.249  0.442  0.694  0.450  0.241  0.287  0.505  0.567  0.514  0.277  0.508  0.367  0.297  0.708  0.137  0.291  0.571  0.601  0.411  0.245  0.144  0.734  0.320  0.338  0.473 
0.241  0.697  0.248  0.481  0.404  0.259  0.566  0.520  0.519  0.271  0.486  0.362  0.396  0.673  0.150  0.391  0.471  0.416  0.632  0.228  0.249  0.442  0.694  0.450  0.241  0.287  0.505  0.567  0.514  0.277  0.508  0.367  0.297  0.708  0.137  0.291  0.571  0.601  0.411  0.245  0.144  0.734  0.320  0.338  0.473 
0.241  0.697  0.248  0.481  0.404  0.259  0.566  0.520  0.519  0.271  0.486  0.362  0.396  0.673  0.150  0.391  0.471  0.416  0.632  0.228  0.249  0.442  0.694  0.450  0.241  0.287  0.505  0.567  0.514  0.277  0.508  0.367  0.297  0.708  0.137  0.291  0.571  0.601  0.411  0.245  0.144  0.734  0.320  0.338  0.473 
0.241  0.697  0.248  0.481  0.404  0.259  0.566  0.520  0.519  0.271  0.486  0.362  0.396  0.673  0.150  0.391  0.471  0.416  0.632  0.228  0.249  0.442  0.694  0.450  0.241  0.287  0.505  0.567  0.514  0.277  0.508  0.367  0.297  0.708  0.137  0.291  0.571  0.601  0.411  0.245  0.144  0.734  0.320  0.338  0.473 
0.241  0.697  0.248  0.481  0.404  0.259  0.566  0.520  0.519  0.271  0.486  0.362  0.396  0.673  0.150  0.391  0.471  0.416  0.632  0.228  0.249  0.442  0.694  0.450  0.241  0.287  0.505  0.567  0.514  0.277  0.508  0.367  0.297  0.708  0.137  0.291  0.571  0.601  0.411  0.245  0.144  0.734  0.320  0.338  0.473 
0.241  0.697  0.248  0.481  0.404  0.259  0.566  0.520  0.519  0.271  0.486  0.362  0.396  0.673  0.150  0.391  0.471  0.416  0.632  0.228  0.249  0.442  0.694  0.450  0.241  0.287  0.505  0.567  0.514  0.277  0.508  0.367  0.297  0.708  0.137  0.291  0.571  0.601  0.411  0.245  0.144  0.734  0.320  0.338  0.473 
0.241  0.697  0.248  0.481  0.404  0.259  0.566  0.520  0.519  0.271  0.486  0.362  0.396  0.673  0.150  0.391  0.471  0.416  0.632  0.228  0.249  0.442  0.694  0.450  0.241  0.287  0.505  0.567  0.514  0.277  0.508  0.367  0.297  0.708  0.137  0.291  0.571  0.601  0.411  0.245  0.144  0.734  0.320  0.338  0.473 
0.241  0.697  0.248  0.481  0.404  0.259  0.566  0.520  0.519  0.271  0.486  0.362  0.396  0.673  0.150  0.391  0.471  0.416  0.632  0.228  0.249  0.442  0.694  0.450  0.241  0.287  0.505  0.567  0.514  0.277  0.508  0.367  0.297  0.708  0.137  0.291  0.571  0.601  0.411  0.245  0.144  0.734  0.320  0.338  0.473 
0.241  0.697  0.248  0.481  0.404  0.259  0.566  0.520  0.519  0.271  0.486  0.362  0.396  0.673  0.150  0.391  0.471  0.416  0.632  0.228  0.249  0.442  0.694  0.450  0.241  0.287  0.505  0.567  0.514  0.277  0.508  0.367  0.297  0.708  0.137  0.291  0.571  0.601  0.411  0.245  0.144  0.734  0.320  0.338  0.473 
